-27 8 20 0
-25 8 20 0
-23 8 20 0
-21 8 20 0
-19 8 20 0
-17 8 20 0
-15 8 20 0
-13 8 20 0
-11 8 20 0
-9 8 20 0
-7 8 20 0
-5 8 20 0
-3 8 20 0
-1 8 20 0
1 8 20 0
3 8 20 0
5 8 20 0
7 8 20 0
9 8 20 0
11 8 20 0
13 8 20 0
15 8 20 0
17 8 20 0
19 8 20 0
21 8 20 0
23 8 20 0
25 8 20 0
25 6 20 0
25 4 20 0
25 2 20 0
25 0 20 0
25 -2 20 0
25 -4 20 0
25 -6 20 0
23 -6 20 0
21 -6 20 0
19 -6 20 0
17 -6 20 0
15 -6 20 0
13 -6 20 0
11 -6 20 0
9 -6 20 0
7 -6 20 0
5 -6 20 0
3 -6 20 0
1 -6 20 0
-1 -6 20 0
-3 -6 20 0
-5 -6 20 0
-7 -6 20 0
-9 -6 20 0
-11 -6 20 0
-13 -6 20 0
-15 -6 20 0
-17 -6 20 0
-19 -6 20 0
-21 -6 20 0
-23 -6 20 0
-25 -6 20 0